VITE_GOOGLE_WEATHER_API=AIzaSyBavvZVFo6YPuEPJoA0Y8OPvRAARYejgxI
VITE_LATITUDE=-37.776887291415406
VITE_LONGITUDE=144.8423360242611
